TIME MEM VIRT RES SHR CPU FREE SWAP
0:00.03 0.2 222884 3448 3008 17.6 981.2 257.3
0:00.79 0.6 230936 11632 3008 44.4 966.4 257.3
0:01.54 1.0 238724 19288 3008 47.1 952.4 257.3
0:02.27 1.5 246512 27208 3008 47.1 936.1 257.3
0:03.02 1.9 254432 35128 3008 41.2 921.0 257.3
0:03.75 2.3 262088 42784 3008 46.7 906.8 257.3
0:04.50 2.7 269876 50440 3008 47.1 889.8 257.3
0:05.25 3.1 277796 58360 3008 41.2 875.1 257.3
0:05.98 3.5 285584 66280 3008 43.8 860.1 257.3
0:06.74 4.0 293372 73936 3008 43.8 843.9 257.3
0:07.46 4.4 301028 81588 3008 31.6 828.5 257.3
0:08.20 4.8 308684 89244 3008 47.1 814.3 257.3
0:08.94 5.2 316472 97164 3008 41.2 800.1 257.3
0:09.69 5.6 324128 104820 3008 43.8 783.6 257.3
0:10.45 6.0 332048 112740 3008 50.0 768.2 257.3
0:11.19 6.4 339836 120396 3008 47.1 754.5 257.3
0:11.94 6.9 347624 128316 3008 41.2 738.9 257.3
0:12.67 7.3 355280 135972 3008 40.0 722.4 257.3
0:13.42 7.7 362936 143628 3008 50.0 708.4 257.3
0:14.16 8.1 370856 151548 3008 41.2 693.4 257.3
0:14.90 8.5 378380 158940 3008 50.0 678.4 257.3
0:15.63 8.9 386168 166860 3008 50.0 663.3 257.3
0:16.35 9.3 393692 174252 3008 41.2 647.4 257.3
0:17.10 9.7 401480 182172 3008 41.2 631.4 257.3
0:17.84 10.1 409004 189564 3008 41.2 618.2 257.3
0:18.57 10.5 416528 197220 3008 38.9 603.3 257.3
0:19.31 11.0 424184 204876 3008 46.7 587.9 257.3
0:20.06 11.4 432104 212796 3008 47.1 573.0 257.3
0:20.78 11.8 439628 220452 3008 38.9 558.7 257.3
0:21.53 12.2 447548 228108 3008 41.2 543.3 257.3
0:22.28 12.6 455336 236028 3008 47.1 527.5 257.3
0:23.01 13.0 462992 243684 3008 46.7 513.0 257.3
0:23.76 13.4 470780 251340 3008 53.3 498.0 257.3
0:24.50 13.8 478436 258996 3008 47.1 482.9 257.3
0:25.25 14.3 486224 266916 3008 47.1 466.9 257.3
0:26.00 14.7 494144 274836 3008 52.9 452.9 257.3
0:26.73 15.1 501668 282492 3008 46.7 437.1 257.3
0:27.48 15.5 509588 290148 3008 41.2 421.4 257.3
0:28.23 15.9 517376 298068 3008 43.8 407.4 257.3
0:28.98 16.3 525032 305724 3008 52.9 391.5 257.3
0:29.72 16.8 532820 313380 3008 50.0 377.0 257.3
0:30.46 17.2 540608 321300 3008 46.7 360.4 257.3
0:31.19 17.6 548132 328692 3008 46.7 347.8 257.3
0:31.95 18.0 555788 336348 3008 50.0 331.9 257.3
0:32.67 18.4 563048 343740 3008 38.9 317.5 257.3
0:33.40 18.8 570572 351132 3008 40.0 298.7 257.3
0:34.16 19.2 578492 359052 3008 41.2 280.4 257.3
0:34.90 19.6 586148 366708 3008 46.7 263.6 257.3
0:35.66 20.0 594068 374628 3008 38.9 248.4 257.3
0:36.42 20.4 601856 382548 3008 43.8 232.4 257.3
0:37.18 20.9 609776 390468 3008 50.0 215.7 257.3
0:37.93 21.3 617564 398124 3008 50.0 198.9 257.3
0:38.68 21.7 625484 406044 3008 46.7 182.1 257.3
0:39.42 22.1 633140 413700 3008 41.2 164.0 257.3
0:40.19 22.5 641324 421884 3008 43.8 148.7 257.3
0:40.94 23.0 649112 429804 3008 40.0 129.9 257.3
0:41.70 23.4 657032 437724 3008 46.7 110.2 257.3
0:42.44 23.8 664820 445380 3008 43.8 93.0 257.3
0:43.17 24.2 672344 453036 3008 43.8 77.6 257.3
0:43.92 24.6 680000 460692 3008 41.2 71.0 257.4
0:44.68 25.0 688052 468612 3008 35.3 73.0 257.3
0:45.43 25.5 695840 476532 3008 37.5 74.7 253.6
0:46.16 25.9 703496 484188 3008 33.3 77.6 244.2
0:46.93 26.3 711416 492108 3008 47.1 78.8 241.2
0:47.68 26.7 719336 500028 3008 41.2 78.0 241.2
0:48.42 27.1 727124 507684 3008 43.8 76.5 232.7
0:49.17 27.6 734912 515604 3008 46.7 91.1 216.3
0:49.99 28.0 743360 524052 3008 43.8 66.4 216.3
0:50.77 28.4 751412 531972 3008 47.1 79.1 214.7
0:51.52 28.9 759200 539892 3008 46.7 65.1 209.5
0:52.27 29.3 767120 547680 2876 41.2 62.6 205.4
0:53.01 29.7 774776 555332 2872 29.4 76.6 199.5
0:53.79 30.1 782828 563252 2872 47.1 69.3 193.2
0:54.54 30.5 790616 571172 2872 46.7 76.8 172.9
0:55.30 30.7 798536 573552 2872 35.3 68.1 169.9
0:56.04 30.8 806192 576140 2872 53.3 74.8 159.5
0:56.79 31.2 813980 584060 2872 41.2 77.8 149.4
0:57.57 31.4 822032 587116 2872 50.0 77.1 131.4
0:58.33 31.4 829952 586968 2872 56.2 86.8 106.2
0:59.06 31.3 837608 585248 2872 43.8 68.3 106.2
0:59.82 31.3 845528 584840 2872 43.8 70.5 95.1
1:00.56 31.2 853184 583512 2872 41.2 73.5 75.7
1:01.31 31.3 861104 586304 2872 37.5 74.6 60.4
1:02.06 31.0 868760 579564 2872 44.4 71.4 40.5
1:02.82 31.1 876680 582308 2872 33.3 68.9 30.4
1:03.57 31.2 884468 583288 2872 37.5 65.5 17.0
1:04.44 31.3 893576 585732 2872 37.5 65.1 0.0
1:05.83 31.8 907832 595648 676 36.4 52.4 88.7
511.4 92.2
495.0 94.0
471.3 95.5
455.0 96.0
438.0 97.0
416.0 97.2
396.1 97.2
377.5 97.2
358.0 97.2
345.1 97.2
330.1 97.2
312.6 97.2
296.2 97.2
282.0 97.2
267.6 97.2
251.5 97.2
237.6 97.2
222.6 97.2
206.4 97.2
190.3 97.7
176.9 97.7
166.7 97.7
153.6 98.0
175.8 98.5
159.7 98.5
145.9 98.5
131.1 98.5
116.2 98.5
102.7 98.5
87.5 98.5
73.5 98.5
81.2 96.1
67.8 96.1
70.4 91.7
75.3 87.0
78.3 81.5
63.6 77.2
64.9 77.2
71.3 69.2
74.4 59.9
85.1 47.7
66.1 47.7
69.3 39.1
68.0 27.6
81.4 4.8
66.7 4.8
67.5 0.0
71.4 181.5
1136.0 192.5
1133.9 192.5
1133.9 192.5
1134.2 192.5
1134.3 192.5
1128.2 196.0
1127.9 196.0
1127.4 196.0
1127.4 196.0
1127.4 196.0
1127.3 196.0
1127.9 196.0
1123.7 199.7
1124.1 200.5
1124.1 200.5
1124.1 200.5
1124.1 200.5
1124.0 200.5
1124.0 200.5
1124.0 200.5
1124.0 200.5
1124.2 200.5
1123.0 200.5
1122.9 200.5
1122.9 200.5
1123.0 200.5
1122.9 200.5
1122.1 200.5
1121.5 200.5
1121.0 200.7
1121.0 200.7
1121.0 200.7
1121.0 200.7
1117.0 202.5
1117.3 202.5
1117.3 202.5
1117.3 202.5
1118.1 202.5
1116.9 202.5
1116.3 202.5
1116.7 202.5
1116.7 202.5
1116.7 202.5
1116.6 202.5
1116.6 202.5
1116.7 202.5
1116.6 202.7
1116.5 204.0
1107.6 209.7
1104.9 210.7
1104.3 210.7
1104.3 210.7
1104.3 210.7
1099.5 211.0
1099.2 211.2
1099.5 211.2
1099.4 211.2
1089.3 216.5
1082.2 219.7
1082.3 219.7
1082.2 219.7
1084.0 220.0
1082.8 220.0
1082.0 221.0
1082.4 221.0
1078.6 222.7
1078.6 222.7
1080.3 222.7
1080.2 222.7
1080.2 222.7
1080.2 222.7
1080.2 222.7
1082.0 222.7
1081.0 222.7
1081.1 222.7
1080.3 222.7
1080.6 222.7
1080.5 222.7
1080.4 222.7
1080.4 222.7
1080.3 222.7
1080.4 222.7
1080.4 222.7
1081.0 222.7
1081.1 222.7
1082.0 222.7
1081.0 222.7
1080.9 223.0
1080.2 223.0
1080.3 223.0
1080.3 223.0
1080.3 223.0
1080.3 223.0
1080.3 223.0
1080.3 223.0
1080.3 223.0
1080.3 223.0
1080.2 223.0
1080.2 223.0
1080.2 223.0
1080.3 223.0
1080.3 223.0
1080.3 223.0
1080.3 223.0
1080.3 223.0
1080.2 223.0
1080.2 223.0
1080.2 223.0
1080.2 223.0
1080.1 223.0
1080.8 223.0
1080.2 223.0
1080.0 223.0
1080.2 223.0
1079.9 224.2
1074.5 224.5
1074.3 224.5
1074.5 224.5
1074.1 224.5
1074.8 224.5
1075.1 224.5
1074.3 224.5
1074.1 224.5
1074.3 224.5
