TIME MEM VIRT RES SHR CPU FREE SWAP
0:00.10 0.2 223676 4248 3016 58.8 1111.0 250.1
0:01.45 1.0 237800 18504 3016 76.5 1097.4 250.1
0:02.71 1.7 250868 31440 3016 47.1 1085.0 250.1
0:03.84 2.3 262748 43320 3016 37.5 1066.3 250.3
0:04.85 2.9 273176 53880 3016 60.0 1055.8 250.5
0:05.90 3.5 284000 64704 3016 64.7 1044.9 250.7
0:06.94 4.0 294824 75528 3016 31.2 1034.8 250.9
0:07.96 4.6 305516 86084 3016 93.3 1023.6 250.9
0:09.34 5.4 319772 100340 3016 76.5 1009.7 250.9
0:10.73 6.1 334160 114860 3016 80.0 993.0 251.1
0:12.10 6.9 348416 129116 3016 81.2 979.0 251.1
0:13.49 7.7 362804 143372 3016 81.2 965.0 251.1
0:14.86 8.4 377060 157628 3016 76.5 950.5 251.1
0:16.24 9.2 391184 171884 3016 88.2 936.8 251.1
0:17.61 9.9 405308 185876 3016 76.5 923.0 251.1
0:18.99 10.7 418904 199604 3016 72.2 909.8 251.1
0:20.37 11.4 433160 213860 3016 76.5 895.7 251.2
0:21.77 12.2 447680 228380 3016 80.0 881.6 251.2
0:23.11 12.9 461540 242108 3016 81.2 868.0 251.2
0:24.49 13.7 475796 256364 3016 80.0 853.9 251.2
0:25.85 14.4 488864 269564 3016 75.0 841.2 251.2
0:27.23 15.2 503120 283820 3016 76.5 827.1 251.2
0:28.63 15.9 517508 298076 3016 72.2 813.2 251.2
0:30.00 16.7 531632 312332 3016 76.5 799.3 251.2
0:31.37 17.4 545624 326324 3016 80.0 785.7 251.2
0:32.74 18.2 559616 340316 3016 82.4 772.0 251.2
0:34.11 18.9 573740 354308 3016 75.0 758.1 251.2
0:35.47 19.7 587336 368036 3016 81.2 744.9 251.2
0:36.87 20.4 601724 382292 3016 82.4 731.2 251.2
0:38.22 21.2 615584 396284 3016 76.5 717.5 251.2
0:39.60 21.9 629444 410012 3016 76.5 703.9 251.2
0:40.96 22.7 643304 424004 3016 75.0 690.4 251.2
0:42.34 23.4 657428 437996 3016 82.4 676.4 251.2
0:43.73 24.1 671024 451724 3016 81.2 663.0 251.2
0:45.09 24.9 685148 465716 3016 75.0 649.4 251.2
0:46.45 25.6 699140 479708 3016 81.2 635.5 251.2
0:47.82 26.4 713264 493964 3016 75.0 621.6 251.2
0:49.21 27.2 727652 508220 3016 75.0 607.5 251.2
0:50.58 27.9 741776 522476 3016 70.6 593.8 251.2
0:51.97 28.7 756164 536732 3016 86.7 579.8 251.2
0:53.32 29.4 770156 550724 3016 68.8 566.0 251.2
0:54.68 30.2 784148 564716 3016 68.8 552.2 251.2
0:56.07 31.0 798536 579236 3016 77.8 538.1 251.2
0:57.44 31.7 812792 593492 3016 77.8 524.2 251.2
0:58.82 32.5 827048 607748 3016 76.5 510.3 251.2
1:00.19 33.2 841172 621740 3016 80.0 496.4 251.2
1:01.57 34.0 855428 635996 3016 86.7 482.4 251.2
1:02.95 34.8 869816 650516 3016 76.5 468.4 251.2
1:04.34 35.5 883940 664508 3016 76.5 454.7 251.2
1:05.73 36.3 898196 678764 3016 83.3 440.6 251.2
1:07.10 37.0 912452 693020 3016 75.0 426.7 251.2
1:08.45 37.8 926312 707012 3016 76.5 413.1 251.2
1:09.83 38.6 940700 721268 3016 80.0 399.2 251.2
1:11.23 39.3 954956 735788 3016 87.5 385.1 251.2
1:12.60 40.1 969344 750044 3016 87.5 371.1 251.2
1:13.98 40.8 983468 764036 3016 75.0 357.3 251.2
1:15.34 41.6 997328 778028 3016 76.5 343.7 251.2
1:16.71 42.3 1011320 792020 3016 75.0 329.9 251.2
1:18.09 43.1 1025444 806012 3016 87.5 316.1 251.2
1:19.46 43.8 1039568 820268 3016 76.5 302.3 251.2
1:20.85 44.6 1053824 834524 3016 77.8 288.5 251.2
1:22.23 45.4 1068080 848780 3016 75.0 274.4 251.2
1:23.59 46.1 1081940 862508 3016 76.5 261.1 251.2
1:24.97 46.8 1095800 876500 3016 80.0 247.4 251.2
1:26.33 47.6 1109660 890228 3016 75.0 233.8 251.2
1:27.70 48.3 1123784 904484 3016 62.5 219.8 251.2
1:29.10 49.1 1138040 918740 3016 83.3 206.0 251.2
1:30.46 49.9 1152164 932732 3016 72.2 192.2 251.2
1:31.83 50.6 1166156 946724 3016 86.7 178.5 251.2
1:33.22 51.4 1180412 960980 3016 77.8 164.6 251.2
1:34.61 52.1 1194668 975236 3016 76.5 150.4 251.2
1:36.02 52.9 1209188 989756 3016 82.4 136.6 251.2
1:37.42 53.7 1223444 980.5m 3016 82.4 122.4 251.2
1:38.76 54.4 1237304 994.1m 3016 75.0 108.7 251.2
1:40.19 55.2 1251956 1.0g 3016 88.2 94.6 251.2
1:41.55 55.9 1265816 1.0g 3016 88.2 81.1 251.3
1:42.94 56.7 1280072 1.0g 3016 72.2 67.0 251.3
1:44.31 57.4 1293932 1.0g 3016 76.5 63.6 240.3
1:45.69 58.2 1308056 1.0g 3016 82.4 62.5 237.3
1:47.01 58.9 1321652 1.1g 3016 76.5 62.9 235.6
1:48.40 59.7 1335776 1.1g 3016 86.7 73.8 230.1
1:49.78 60.4 1350032 1.1g 3016 64.7 72.5 226.3
1:51.24 61.2 1364948 1.1g 3016 81.2 71.8 222.3
1:52.69 62.0 1379864 1.1g 2856 72.2 69.2 219.1
1:54.08 62.7 1394120 1.1g 2852 94.1 74.3 210.1
1:55.47 62.9 1408244 1.1g 2852 70.6 69.9 200.8
1:56.92 63.1 1423028 1.1g 2852 88.2 74.1 179.2
1:58.32 63.3 1437416 1.1g 2852 82.4 62.7 165.8
1:59.68 63.2 1451408 1.1g 2852 86.7 62.9 150.2
2:01.03 62.9 1465268 1.1g 2852 88.2 67.5 142.9
2:02.84 62.0 1483748 1.1g 2676 79.2 70.7 107.6
2:04.20 61.6 1497608 1.1g 2676 64.7 78.9 86.2
2:05.59 62.3 1511732 1.1g 2676 82.4 65.1 86.2
2:06.97 62.2 1525856 1.1g 2676 88.2 64.4 69.5
2:08.34 62.4 1539848 1.1g 2676 88.2 64.2 60.8
2:09.67 62.2 1553576 1.1g 2676 88.2 68.0 43.1
2:11.22 62.0 1569416 1.1g 2676 94.1 72.1 23.3
2:12.65 62.2 1584068 1.1g 2676 78.9 71.3 13.1
2:14.03 62.2 1598192 1.1g 2676 82.4 64.1 0.5
2:15.98 63.2 1617992 1.1g 2596 84.8 67.7 0.1
1141.9 221.0
1116.1 226.1
1116.2 226.2
1113.7 226.2
1113.7 226.3
1113.7 226.3
1113.3 226.3
1113.1 226.3
1113.3 226.3
1109.0 228.0
1089.1 229.2
1082.8 230.9
1082.3 231.1
1082.1 231.1
1084.0 231.2
1070.7 235.8
1071.7 235.8
1071.7 235.8
1071.7 235.8
1071.7 235.9
1091.5 235.9
1091.5 235.9
1089.2 236.0
1070.7 236.0
1070.7 236.0
1070.8 236.0
1069.7 236.0
1070.7 236.0
1070.7 236.0
1070.6 236.1
1068.9 236.1
1070.6 236.1
1070.2 236.1
1070.1 236.1
1068.3 236.1
1070.1 236.1
1070.2 236.1
1070.2 236.1
1070.2 236.1
1069.9 236.1
1069.7 236.1
1069.7 236.1
1068.7 236.1
1069.6 236.1
1069.6 236.1
1069.6 236.1
1069.6 236.1
1067.9 236.1
1069.6 236.1
1069.6 236.1
1069.6 236.1
1069.4 236.1
1069.3 236.1
1069.4 236.1
1069.4 236.1
1069.5 236.1
1069.4 236.1
1069.4 236.1
1069.4 236.1
1069.4 236.1
1069.5 236.1
1069.4 236.1
1069.4 236.1
1069.3 236.1
1069.4 236.1
1069.3 236.1
1069.3 236.1
1069.3 236.1
1069.4 236.1
1069.4 236.1
1069.3 236.1
1069.3 236.1
1069.3 236.1
1069.2 236.1
1069.3 236.1
1069.3 236.1
1069.3 236.1
1069.3 236.1
1069.0 236.1
1069.3 236.1
1069.3 236.1
1069.5 236.1
1069.3 236.1
1067.7 236.1
1068.4 236.2
