TIME MEM VIRT RES SHR CPU FREE SWAP
0:00.07 0.2 223280 3860 2892 37.5 257.5 351.1
0:00.81 0.6 231332 11780 2892 46.7 241.8 351.1
0:01.57 1.1 239384 19964 2892 38.9 226.0 351.1
0:02.35 1.5 247568 28148 2892 50.0 209.6 351.1
0:03.04 1.9 254960 35540 2892 46.7 195.9 351.1
0:03.67 2.3 261560 42140 2892 38.9 183.0 351.1
0:04.39 2.7 269216 49796 2892 43.8 168.2 351.2
0:05.15 3.1 277268 57716 2892 41.2 152.3 351.2
0:05.82 3.5 284396 64844 2892 29.4 138.8 351.2
0:06.48 3.8 291392 71972 2892 43.8 125.1 351.2
0:07.21 4.3 299180 79628 2892 43.8 109.8 351.2
0:07.96 4.7 306968 87544 2892 47.1 94.5 351.2
0:08.52 5.0 312908 93352 2892 27.8 78.7 351.2
0:09.06 5.3 318584 99160 2892 40.0 61.9 351.2
0:09.57 5.6 323996 104440 2892 27.8 71.9 351.2
0:10.14 5.9 329936 110512 2892 33.3 89.6 350.5
0:10.62 6.2 334952 115528 2892 27.8 74.6 350.5
0:11.12 6.5 340232 120808 2892 33.3 73.0 350.5
0:11.54 6.7 344588 125032 2892 20.0 72.7 350.5
0:12.00 7.0 349472 130048 2892 15.0 75.9 350.5
0:12.47 7.2 354224 134800 2892 26.7 81.7 347.1
0:12.88 7.4 358712 139288 2892 22.2 70.8 347.1
0:13.35 7.7 363596 144040 2892 29.4 76.0 343.8
0:13.80 8.0 368348 148792 2892 31.2 72.1 340.6
0:14.26 8.2 373232 153808 2892 15.8 71.0 335.8
0:14.73 8.5 377984 158560 2892 26.7 72.7 335.5
0:15.23 8.8 383396 163840 2892 23.5 70.9 335.3
0:15.72 9.0 388412 168856 2892 18.8 69.9 333.0
0:16.14 9.3 392900 173344 2892 18.8 71.1 330.5
0:16.61 9.5 397784 178236 2768 29.4 69.8 327.5
0:17.11 9.8 403196 183516 2768 25.0 76.4 319.5
0:17.65 10.1 408740 189060 2768 31.2 77.0 310.3
0:18.16 10.4 414152 194604 2768 23.5 73.5 302.0
0:18.71 10.7 419960 200412 2768 22.2 70.1 297.1
0:19.23 11.0 425372 205692 2768 23.5 74.6 284.3
0:19.74 11.3 430784 211236 2768 31.2 69.9 269.0
0:20.27 11.6 436328 216780 2768 25.0 70.1 259.8
0:20.80 11.9 441872 222324 2768 35.3 63.6 247.6
0:21.29 12.2 447020 227340 2768 15.8 67.2 232.3
0:21.82 12.4 452564 232884 2768 23.5 67.4 221.5
0:22.33 12.7 457844 238164 2768 25.0 80.2 200.5
0:22.87 13.0 463520 243972 2768 26.3 72.3 185.5
0:23.43 13.4 469460 249776 2764 18.8 70.2 170.5
0:23.95 13.6 474872 255320 2764 29.4 73.8 152.6
0:24.47 13.9 480416 260864 2764 25.0 78.7 137.8
0:24.99 14.2 485960 266408 2764 33.3 72.3 129.7
0:25.55 14.6 491768 272216 2764 41.2 66.3 117.4
0:26.06 14.8 497180 277496 2764 31.2 65.1 95.5
0:26.58 15.1 502724 283040 2764 33.3 62.7 72.4
0:27.10 15.4 508004 288320 2764 25.0 73.5 58.1
0:27.63 15.7 513680 294128 2764 29.4 69.6 33.9
0:28.17 16.0 519356 299672 2764 33.3 64.8 16.0
0:28.69 16.3 524768 305216 2764 25.0 64.0 2.5
0:29.26 16.6 530708 311024 2764 30.4 75.0 0.0
0:30.98 17.4 547340 326284 1388 40.0 585.6 242.3
0:31.73 17.9 555128 334204 1388 47.1 550.7 243.0
0:32.47 18.3 563048 342124 1388 41.2 535.3 243.0
0:33.22 18.7 570968 350044 1388 44.4 517.7 243.0
0:33.97 19.1 578888 357964 1388 37.5 503.0 243.0
0:34.73 19.6 586808 365884 1388 40.0 486.8 243.0
0:35.48 20.0 594728 373804 1388 47.1 471.5 243.0
0:36.22 20.4 602516 381724 1388 44.4 456.2 243.0
0:36.99 20.8 610700 389644 1388 41.2 442.4 243.0
0:37.72 21.3 618488 397924 1772 38.9 427.0 243.0
0:38.48 21.7 626408 405844 1772 43.8 411.8 243.0
0:39.17 22.1 633668 413236 1772 31.2 397.0 243.5
0:39.88 22.5 641192 420628 1772 43.8 381.8 243.5
0:40.62 22.9 648980 428284 1772 43.8 366.8 243.5
0:41.35 23.3 656636 436204 1772 41.2 351.7 243.5
0:42.11 23.7 664688 444124 1772 47.1 336.5 243.5
0:42.84 24.1 672476 451780 1772 40.0 321.4 243.5
0:43.58 24.6 680264 459700 1772 41.2 306.0 243.5
0:44.34 25.0 688184 467620 1772 47.1 290.4 243.5
0:45.06 25.4 695972 475276 1772 41.2 275.5 243.5
0:45.82 25.8 703892 483196 1772 41.2 260.1 243.5
0:46.55 26.3 711548 491116 1772 37.5 245.1 243.5
0:47.30 26.7 719468 498772 1772 41.2 229.7 243.5
0:48.03 27.1 727124 506428 1772 36.8 215.4 243.7
0:48.66 27.4 733856 513292 1772 38.9 201.6 244.7
0:49.39 27.8 741380 520684 1772 52.9 184.5 244.9
0:50.08 28.2 748640 528076 1772 41.2 170.6 244.9
0:50.83 28.6 756560 535996 1772 40.0 155.6 244.9
0:51.50 29.0 763556 542860 1772 41.2 141.7 245.0
0:52.22 29.4 770948 550516 1772 52.9 127.5 245.0
0:52.90 29.8 778076 557644 1772 31.2 109.2 247.9
0:53.60 30.2 785468 564772 1772 41.2 93.9 248.1
0:54.28 30.6 792596 572164 1772 38.9 80.1 248.1
0:55.05 31.0 800780 580084 1772 50.0 64.3 248.1
0:55.84 31.5 809096 588532 1772 41.2 63.9 245.4
0:56.61 31.6 817148 591860 1772 37.5 74.3 242.9
0:57.34 31.9 824804 596272 1724 41.2 68.5 236.5
0:58.04 31.1 832196 581288 1724 40.0 79.2 216.4
0:58.79 31.0 840248 580660 1724 43.8 82.3 206.4
0:59.55 30.9 848168 578592 1724 43.8 66.8 206.4
1:00.31 30.9 856220 577404 1724 43.8 66.9 197.4
1:01.03 30.7 863744 574568 1724 37.5 67.4 187.4
1:01.87 30.6 872456 571564 1724 50.0 77.0 161.9
1:02.58 30.4 880112 568772 1724 41.2 73.2 148.3
1:03.36 30.2 888164 565452 1724 41.2 65.8 140.0
1:04.08 30.1 895820 562300 1724 35.3 71.4 118.1
1:04.83 30.1 903740 563640 1724 41.2 73.3 105.2
1:05.57 30.2 911528 565136 1724 33.3 75.1 85.9
1:06.31 30.1 919184 562400 1724 56.2 68.9 69.9
1:07.06 30.2 927236 564436 1724 43.8 75.2 43.9
1:07.82 30.3 935156 566740 1724 47.1 74.5 32.6
1:08.59 30.3 943208 566112 1724 41.2 71.9 20.4
1:09.32 30.1 950864 563192 1724 52.9 69.4 0.0
1:10.60 30.8 964328 576656 1724 94.1 591.2 77.1
1:12.00 31.6 979112 591440 1724 88.2 576.7 77.1
1:13.41 32.4 994028 606224 1724 94.1 561.7 77.1
1:14.78 33.2 1008548 620744 1724 82.4 1160.5 240.3
1160.5 240.3
1160.3 240.3
1160.4 240.3
1159.3 240.3
1158.9 240.3
1158.9 240.3
1158.4 240.3
1145.4 241.1
1145.5 241.1
1145.4 241.1
1144.2 241.2
1144.3 241.2
1139.5 241.3
1135.9 241.4
1135.9 241.4
1135.9 241.4
1135.8 241.4
1125.4 243.3
1121.8 244.6
1121.7 244.6
1116.0 249.4
1114.9 250.0
1115.3 250.0
1115.1 250.0
1115.2 250.0
1102.1 250.1
1088.6 250.1
1077.2 250.2
1060.6 250.5
1048.8 250.7
1037.6 250.8
1027.5 250.9
1014.2 250.9
997.8 251.1
983.9 251.1
969.8 251.1
955.4 251.1
941.4 251.1
927.8 251.1
914.5 251.1
900.5 251.2
886.3 251.2
872.6 251.2
858.6 251.2
845.4 251.2
831.8 251.2
818.1 251.2
804.3 251.2
790.5 251.2
776.7 251.2
763.0 251.2
749.9 251.2
736.1 251.2
722.3 251.2
708.8 251.2
695.3 251.2
681.0 251.2
667.4 251.2
654.1 251.2
640.4 251.2
626.5 251.2
612.6 251.2
598.8 251.2
584.9 251.2
571.1 251.2
557.2 251.2
543.2 251.2
529.0 251.2
515.1 251.2
501.2 251.2
487.2 251.2
473.3 251.2
459.3 251.2
445.7 251.2
431.5 251.2
417.8 251.2
403.9 251.2
389.7 251.2
375.9 251.2
361.9 251.2
348.4 251.2
334.7 251.2
320.8 251.2
307.0 251.2
293.3 251.2
279.3 251.2
265.7 251.2
252.3 251.2
238.4 251.2
224.5 251.2
210.7 251.2
196.9 251.2
183.3 251.2
169.5 251.2
155.5 251.2
141.7 251.2
127.9 251.2
113.8 251.2
100.1 251.2
86.5 251.3
72.9 251.3
68.8 246.1
67.9 238.3
68.0 237.3
65.5 235.6
64.9 230.1
65.1 226.3
65.2 222.3
62.9 210.1
67.6 210.1
64.5 200.8
72.7 179.2
73.2 162.2
77.6 142.9
64.4 142.9
72.0 107.6
79.5 86.2
65.7 86.2
64.8 69.5
64.6 60.8
68.2 43.1
71.3 23.3
70.1 12.8
64.1 0.5
67.7 0.1
1152.0 219.4
1115.5 226.1
1115.2 226.2
1112.9 226.2
1112.8 226.3
1112.8 226.3
1112.3 226.3
1112.4 226.3
1112.4 226.3
1109.8 228.0
1088.3 229.2
1083.7 230.8
1083.1 231.1
1083.2 231.1
1083.0 231.2
1071.7 235.8
1070.8 235.8
1070.7 235.8
1070.7 235.8
1070.7 235.8
1090.6 235.9
1090.6 235.9
1089.2 235.9
1069.7 236.0
1069.8 236.0
1069.6 236.0
1069.8 236.0
1069.8 236.0
1069.8 236.0
1069.8 236.1
1069.7 236.1
1069.7 236.1
1069.2 236.1
1069.2 236.1
1069.2 236.1
1069.2 236.1
1069.2 236.1
1069.2 236.1
1069.2 236.1
1069.1 236.1
1068.7 236.1
1068.8 236.1
1068.7 236.1
1068.7 236.1
1068.7 236.1
1068.6 236.1
1068.8 236.1
1068.6 236.1
1068.7 236.1
1068.5 236.1
1068.7 236.1
1068.6 236.1
1068.5 236.1
1068.4 236.1
1068.5 236.1
1068.4 236.1
1068.5 236.1
1068.4 236.1
1068.6 236.1
1068.5 236.1
1068.6 236.1
1068.5 236.1
1068.4 236.1
1068.4 236.1
1068.4 236.1
1068.4 236.1
1068.4 236.1
1068.5 236.1
1068.5 236.1
1068.4 236.1
1068.4 236.1
1068.4 236.1
1068.4 236.1
1068.5 236.1
1068.4 236.1
1068.4 236.1
1068.4 236.1
1068.4 236.1
1068.6 236.1
1068.5 236.1
1068.6 236.1
1068.6 236.1
1068.5 236.1
1068.5 236.1
1068.5 236.1
1068.3 236.3
1062.9 237.1
1062.8 237.1
1062.2 237.4
1062.2 237.4
1062.2 237.4
1062.1 237.4
1062.2 237.5
1062.0 237.5
1062.1 237.5
1062.0 237.5
1082.0 237.5
1081.9 237.5
1082.0 237.5
1062.1 237.5
1062.1 237.5
1062.1 237.5
1062.1 237.5
1062.0 237.6
1062.0 237.6
1061.8 237.6
1062.0 237.6
993.4 238.2
993.6 238.2
993.5 238.2
993.6 238.2
993.4 238.2
991.1 238.6
988.5 238.6
988.6 238.6
988.5 238.6
988.6 238.6
988.6 238.6
988.6 238.6
988.6 238.6
988.6 238.6
988.7 238.6
